-,-,-
16.601562, 127.929688, 1002.441406
-10.498047, 110.351562, 974.609375
172.851562, 105.468750, 1052.246094
123.535156, 101.074219, 1029.785156
143.554688, 144.531250, 1008.789062
99.609375, 123.046875, 979.980469
79.589844, 141.601562, 947.265625
126.953125, 168.945312, 975.585938
71.289062, 138.183594, 1004.882812
130.859375, 111.328125, 977.050781
11.718750, 95.703125, 1050.781250
38.085938, 91.796875, 1073.730469
52.246094, 154.296875, 1029.296875
-47.607422, 100.097656, 982.910156
41.015625, 120.605469, 1049.316406
-45.166016, 106.445312, 1029.296875
-62.255859, 122.070312, 1019.531250
-32.958984, 152.343750, 972.656250
-69.580078, 111.328125, 949.218750
-134.521484, 109.375000, 955.566406
-15.869141, 177.734375, 1035.644531
-52.978516, 175.781250, 1141.601562
118.164062, 268.554688, 1818.847656
-22.705078, 84.960938, 1995.605469
-72.998047, -0.244141, 1717.285156
-129.638672, -6.591797, 1212.890625
-194.091797, -35.888672, 597.167969
-212.158203, 26.367188, 277.343750
-244.873047, 86.914062, -135.009766
-208.740234, -2.685547, -284.423828
-178.466797, -97.900391, -219.482422
-321.533203, -223.388672, 7.812500
-341.552734, -242.919922, 981.933594
4.882812, -72.998047, 1999.755859
724.609375, 137.207031, 1999.755859
860.839844, 38.574219, 1999.755859
220.214844, -192.138672, 1999.755859
-100.341797, -175.048828, 1300.292969
-321.533203, -95.458984, 352.539062
-626.220703, -161.376953, -302.978516
-341.064453, -48.583984, -616.943359
-56.396484, 11.718750, -668.701172
-104.248047, -164.794922, -428.466797
-322.998047, -264.404297, 357.910156
-232.177734, -298.095703, 1432.128906
365.234375, -0.732422, 1999.755859
651.855469, 69.335938, 1999.755859
650.390625, 33.203125, 1999.755859
133.300781, -233.154297, 1999.755859
-135.986328, -249.755859, 1148.925781
-352.294922, -241.943359, 300.292969
-474.365234, -163.818359, -381.591797
-351.806641, -44.677734, -787.841797
-30.029297, -60.791016, -975.830078
-112.060547, -318.115234, -671.142578
-297.607422, -584.716797, 359.375000
344.238281, -108.154297, 1999.755859
685.546875, -122.802734, 1999.755859
1447.265625, -134.521484, 1999.755859
947.753906, -266.357422, 1999.755859
168.457031, -356.689453, 917.480469
-260.498047, -262.451172, 352.050781
-621.826172, -188.232422, -605.224609
-614.990234, 88.867188, -1088.623047
-340.576172, -124.755859, -1079.833984
-66.650391, -299.560547, -666.259766
-126.708984, -595.458984, 693.847656
107.910156, -565.185547, 1999.755859
637.695312, -629.638672, 1999.755859
540.039062, -617.431641, 1999.755859
340.820312, -557.373047, 1999.755859
-101.806641, -472.412109, 1068.847656
-227.783203, -230.224609, 105.957031
-431.884766, -54.443359, -1057.861328
-539.306641, -2.685547, -1627.685547
-231.201172, -272.216797, -1268.310547
-118.408203, -507.568359, -196.044922
194.335938, -629.638672, 1999.755859
624.511719, -281.005859, 1999.755859
741.699219, -585.693359, 1999.755859
499.511719, -538.818359, 1999.755859
36.621094, -489.013672, 1183.105469
-336.181641, -113.037109, 109.863281
-746.826172, -84.716797, -973.388672
-619.873047, 52.734375, -1728.271484
-258.056641, -252.685547, -1416.259766
-88.134766, -434.326172, -146.728516
175.292969, -478.759766, 1918.457031
546.386719, -290.771484, 1999.755859
1089.843750, -448.974609, 1999.755859
842.773438, -338.623047, 1999.755859
141.113281, -385.498047, 1307.617188
-145.263672, -171.142578, 511.230469
-504.638672, -130.615234, -759.521484
-716.552734, 40.527344, -1332.763672
-500.732422, 8.789062, -1135.986328
-6.103516, -242.919922, -1026.123047
-5.615234, -446.044922, 62.500000
-11.474609, -645.263672, 1999.755859
1085.937500, -423.583984, 1999.755859
762.695312, -280.517578, 1999.755859
671.386719, -302.490234, 1999.755859
114.257812, -274.169922, 1546.386719
-266.357422, -320.068359, 415.039062
-657.470703, -175.048828, -1003.662109
-622.802734, -179.931641, -1802.978516
-316.650391, -323.974609, -1648.193359
-233.642578, -555.908203, -444.091797
138.183594, -565.185547, 1999.755859
1086.425781, -371.337891, 1999.755859
917.968750, -483.154297, 1999.755859
492.675781, -532.470703, 1999.755859
-26.123047, -392.333984, 729.003906
-510.009766, -247.802734, -439.208984
-519.287109, -255.126953, -1559.326172
-563.232422, -186.279297, -1856.201172
-294.189453, -550.048828, -1198.974609
-488.037109, -511.474609, 753.417969
391.601562, -601.318359, 1999.755859
1051.269531, -413.330078, 1999.755859
1150.390625, -343.505859, 1999.755859
186.523438, -491.943359, 1636.230469
-526.123047, -316.650391, 291.015625
-909.912109, -314.208984, -1503.173828
-658.447266, -360.595703, -1999.755859
-580.322266, -609.130859, -1999.755859
-293.701172, -744.873047, 195.312500
247.558594, -472.900391, 1999.755859
749.511719, -224.365234, 1999.755859
436.035156, -334.228516, 1999.755859
13.183594, -551.025391, 1362.792969
-377.685547, -422.607422, -283.447266
-1095.947266, -470.947266, -1999.755859
-1030.029297, -650.634766, -1999.755859
-684.814453, -1210.205078, -1441.162109
249.511719, -602.294922, 1999.755859
548.828125, -140.380859, 1999.755859
1447.265625, -474.853516, 1999.755859
223.632812, -824.951172, 1567.382812
-789.794922, -599.365234, -726.318359
-1999.755859, -602.294922, -1999.755859
-750.244141, -1281.005859, -1999.755859
258.300781, -1293.212891, 848.144531
1023.925781, -298.095703, 1999.755859
1041.992188, -558.837891, 1999.755859
396.484375, -1080.810547, 1999.755859
-540.771484, -695.556641, -657.470703
-1279.541016, -460.205078, -1999.755859
-847.412109, -505.615234, -1999.755859
-515.869141, -794.189453, -896.240234
-494.873047, -740.966797, 1557.128906
972.656250, -297.119141, 1999.755859
1999.755859, -557.861328, 1999.755859
1282.226562, -738.037109, 1999.755859
-158.935547, -718.017578, 1237.304688
-806.396484, -293.701172, 270.019531
-1029.541016, -135.498047, -850.830078
-1315.673828, -269.287109, -1798.583984
-660.888672, -512.939453, -1430.908203
-0.732422, -578.369141, -150.634766
486.816406, -318.603516, 1999.755859
1033.203125, 9.765625, 1999.755859
645.996094, -120.849609, 1999.755859
321.777344, -156.494141, 1999.755859
-336.181641, -226.318359, 604.980469
-626.220703, -271.240234, -402.587891
-662.353516, -357.177734, -1181.396484
-246.826172, -351.318359, -1168.212891
-30.517578, -295.166016, -417.236328
116.699219, -158.447266, 1167.480469
1141.113281, -162.353516, 1999.755859
780.273438, -273.193359, 1999.755859
422.363281, -327.880859, 1999.755859
-3.662109, -334.716797, 799.804688
-343.994141, -285.888672, 12.207031
-679.443359, -355.224609, -1010.498047
-555.419922, -316.162109, -1587.646484
-168.212891, -236.572266, -1052.490234
-124.755859, -409.912109, 231.445312
429.687500, -349.365234, 1999.755859
1071.777344, -281.494141, 1999.755859
1029.785156, -330.810547, 1999.755859
466.796875, -456.298828, 1261.230469
-32.958984, -421.630859, 358.886719
-458.740234, -327.880859, -613.037109
-540.771484, -257.080078, -1358.642578
-303.466797, -170.654297, -1245.849609
-35.888672, -211.669922, -472.900391
344.238281, -301.513672, 1473.144531
1310.058594, -51.513672, 1999.755859
524.902344, -510.498047, 1999.755859
326.171875, -318.603516, 1999.755859
-0.244141, -414.306641, 629.882812
-273.193359, -433.349609, -663.818359
-452.880859, -434.814453, -1999.755859
-535.888672, -339.599609, -1999.755859
-356.201172, -464.599609, -177.490234
571.777344, -478.759766, 1999.755859
514.160156, -739.990234, 1999.755859
771.484375, -504.638672, 1999.755859
411.621094, -619.873047, 1432.128906
69.335938, -560.302734, 253.906250
-456.787109, -390.869141, -982.666016
-550.537109, -314.697266, -1744.873047
-593.505859, -273.681641, -1499.755859
-97.900391, -435.791016, -595.458984
554.199219, -295.166016, 1999.755859
663.085938, -319.580078, 1999.755859
806.640625, -306.396484, 1999.755859
331.542969, -432.861328, 1691.894531
-10.009766, -297.119141, 375.488281
-432.373047, -273.681641, -543.212891
-545.166016, -212.646484, -1451.416016
-230.712891, -380.126953, -1689.697266
186.523438, -626.708984, -743.896484
33.203125, -627.685547, 1013.183594
1082.031250, -287.841797, 1999.755859
982.910156, -172.607422, 1999.755859
858.886719, -300.537109, 1999.755859
434.082031, -534.423828, 1462.402344
106.445312, -496.337891, 92.285156
-219.970703, -688.232422, -738.525391
-579.345703, -609.130859, -1999.755859
-1345.947266, -690.673828, -1999.755859
-677.001953, -968.994141, 761.230469
1859.863281, -435.791016, 1999.755859
1273.925781, -1065.673828, 1999.755859
-132.080078, -1448.486328, -161.865234
-1712.158203, -1547.119141, -1999.755859
-1004.638672, -1807.861328, -1999.755859
1468.261719, -1052.001953, 1999.755859
271.484375, -603.271484, 1999.755859
694.335938, -1391.845703, 1999.755859
-621.826172, -1721.435547, -1999.755859
-1999.755859, -1427.978516, -1999.755859
1308.105469, -971.923828, 562.988281
1645.996094, -56.884766, 1999.755859
194.335938, -1872.802734, 1999.755859
-1920.166016, -1999.755859, -1999.755859
-1999.755859, -1640.380859, -1999.755859
861.816406, -1739.990234, 1999.755859
1096.191406, -1999.755859, 1999.755859
1267.578125, -1113.525391, 1999.755859
-1444.091797, -1417.724609, -1999.755859
-1999.755859, -949.951172, -1999.755859
830.566406, -957.275391, 1616.210938
1999.755859, -522.216797, 1999.755859
593.750000, -1358.154297, 1999.755859
-1845.947266, -970.947266, -1999.755859
-1999.755859, -1586.669922, -1999.755859
1116.210938, -1649.658203, 1999.755859
286.621094, -1207.275391, 1999.755859
145.996094, -915.283203, 1999.755859
-1379.638672, -1431.884766, -1999.755859
-1999.755859, -964.599609, -1999.755859
870.117188, -1514.404297, 657.714844
1999.755859, -550.048828, 1999.755859
794.433594, -1006.103516, 1999.755859
-1382.568359, -1322.998047, -443.115234
-1559.814453, -835.693359, -1999.755859
-633.544922, -1615.966797, -1577.880859
1138.183594, -373.291016, 1999.755859
1055.175781, -596.923828, 1999.755859
310.058594, -1500.732422, 1736.328125
-1999.755859, -281.982422, -1999.755859
-1905.517578, -1443.115234, -1999.755859
750.488281, -1487.548828, 1628.906250
1664.550781, -837.158203, 1999.755859
626.953125, -623.779297, 1999.755859
-1116.943359, -1844.970703, -389.404297
-1999.755859, -1645.751953, -1999.755859
-640.869141, -1999.755859, -1422.607422
1999.755859, -295.166016, 1999.755859
1804.199219, -400.146484, 1999.755859
221.191406, -1445.068359, 922.363281
-1999.755859, -831.787109, -1999.755859
-1889.404297, -1999.755859, -1999.755859
644.531250, -1246.826172, 1999.755859
1996.582031, -81.298828, 1999.755859
1197.753906, -687.255859, 1999.755859
-1310.791016, -1156.982422, -1487.548828
-1999.755859, -1230.712891, -1999.755859
-533.935547, -1999.755859, -1441.162109
1088.867188, -1492.431641, 1999.755859
1527.832031, -614.501953, 1999.755859
593.261719, -901.123047, 1999.755859
-1248.779297, -793.212891, -1047.607422
-1999.755859, -940.673828, -1999.755859
-637.939453, -1999.755859, -1999.755859
1999.755859, -895.751953, 1999.755859
1880.371094, -611.083984, 1999.755859
243.652344, -913.330078, 1999.755859
-1121.826172, -909.423828, -1871.826172
-1999.755859, -1678.955078, -1999.755859
-428.466797, -1948.486328, -1346.435547
1542.968750, -1350.830078, 1999.755859
1348.632812, -342.041016, 1999.755859
640.625000, -593.994141, 1999.755859
-1473.388672, -1199.951172, -1726.318359
-1999.755859, -1556.396484, -1999.755859
-401.123047, -1779.052734, -663.330078
502.441406, -6.103516, 1999.755859
1605.468750, -52.490234, 1999.755859
1338.378906, -502.197266, 1999.755859
-834.716797, -955.810547, -580.322266
-1999.755859, -1180.419922, -1999.755859
-889.892578, -1844.970703, -1739.990234
1212.402344, -395.751953, 1999.755859
1703.613281, 27.343750, 1999.755859
1345.214844, -2.685547, 1999.755859
-414.794922, -917.236328, 224.121094
-1999.755859, -1209.228516, -1999.755859
-1999.755859, -1999.755859, -1999.755859
1582.519531, -583.251953, 1999.755859
1999.755859, -666.748047, 1999.755859
1038.574219, -592.529297, 1999.755859
-1390.869141, -598.876953, -1098.388672
-1999.755859, -1300.537109, -1999.755859
-1258.056641, -1613.037109, -1999.755859
47.363281, -1124.755859, 1999.755859
1999.755859, -424.560547, 1999.755859
979.003906, -544.677734, 1999.755859
-1319.091797, -855.712891, -1386.474609
-1999.755859, -1460.693359, -1999.755859
-442.626953, -1614.990234, -680.908203
1870.117188, -21.728516, 1999.755859
1574.707031, -507.568359, 1999.755859
181.640625, -875.244141, 1999.755859
-1999.755859, -1524.658203, -1999.755859
-1675.537109, -1861.083984, -1999.755859
623.535156, -617.919922, 1999.755859
1376.953125, -64.208984, 1999.755859
1597.656250, -312.744141, 1999.755859
-206.298828, -740.966797, 7.812500
-1999.755859, -564.208984, -1999.755859
-1741.455078, -1570.068359, -1999.755859
161.621094, -1053.955078, 1999.755859
1999.755859, -531.494141, 1999.755859
1414.062500, -653.564453, 1999.755859
162.109375, -879.150391, 879.394531
-1897.705078, -952.392578, -1999.755859
-1999.755859, -1496.826172, -1999.755859
-152.587891, -1087.646484, 1471.191406
1776.367188, -343.994141, 1999.755859
1440.917969, -252.685547, 1999.755859
-359.619141, -591.552734, 1586.914062
-1723.388672, -676.025391, -1999.755859
-1999.755859, -1665.283203, -1999.755859
-83.740234, -1218.017578, 806.152344
1256.347656, -312.744141, 1999.755859
934.082031, -607.666016, 1999.755859
444.335938, -315.185547, 1999.755859
-377.197266, -474.853516, 641.601562
-1489.990234, -645.263672, -1999.755859
-1901.611328, -1099.365234, -1999.755859
-109.619141, -1246.337891, 447.753906
1999.755859, -178.955078, 1999.755859
1184.082031, -81.298828, 1999.755859
158.203125, -564.208984, 1910.156250
-1071.044922, -685.302734, -1921.142578
-1999.755859, -1136.474609, -1999.755859
-330.322266, -1412.353516, -738.525391
941.894531, -492.431641, 1999.755859
1624.511719, 221.191406, 1999.755859
747.070312, -125.244141, 1999.755859
-14.892578, -760.009766, 1044.921875
-1999.755859, -443.115234, -1999.755859
-1982.177734, -1592.041016, -1999.755859
965.820312, -946.533203, 1669.433594
1999.755859, -373.779297, 1999.755859
1370.117188, -745.849609, 1999.755859
-53.466797, -668.212891, 644.531250
-1999.755859, -491.455078, -1999.755859
-1999.755859, -1799.560547, -1999.755859
702.636719, -968.994141, 1999.755859
1999.755859, -606.201172, 1999.755859
1290.039062, -687.255859, 1999.755859
410.644531, -789.306641, 272.460938
-1999.755859, -426.513672, -1999.755859
-1733.154297, -1474.365234, -1999.755859
573.730469, -896.728516, 1999.755859
1999.755859, -393.798828, 1999.755859
1034.667969, -544.677734, 1999.755859
320.312500, -921.630859, 708.007812
-1999.755859, -447.998047, -1999.755859
-1767.333984, -1681.396484, -1999.755859
656.738281, -834.228516, 1999.755859
1588.378906, -550.537109, 1999.755859
1176.269531, -637.939453, 1999.755859
348.632812, -794.189453, 584.472656
-1999.755859, -531.494141, -1999.755859
-1932.861328, -1529.541016, -1999.755859
669.433594, -913.330078, 1813.964844
1999.755859, -576.416016, 1999.755859
1311.035156, -637.939453, 1999.755859
316.894531, -775.634766, 1256.835938
-1517.822266, -593.994141, -1999.755859
-1999.755859, -1685.791016, -1999.755859
156.738281, -1445.068359, 1051.757812
1881.347656, -858.154297, 1999.755859
1457.031250, -659.423828, 1999.755859
87.402344, -872.314453, 1999.755859
-1478.759766, -789.306641, -1438.232422
-1999.755859, -802.490234, -1999.755859
-568.603516, -1477.294922, -1564.697266
721.679688, -918.701172, 1812.500000
1176.269531, -93.994141, 1999.755859
1082.519531, -346.435547, 1999.755859
133.300781, -653.564453, 1764.648438
-1254.638672, -666.748047, -1999.755859
-1999.755859, -1200.927734, -1999.755859
-4.638672, -1178.466797, 465.332031
1500.488281, -287.841797, 1999.755859
1509.765625, -737.060547, 1999.755859
166.503906, -770.751953, 1999.755859
-1417.236328, -937.255859, -1543.212891
-1999.755859, -859.130859, -1999.755859
-830.322266, -1482.177734, -1740.478516
319.335938, -1068.115234, 1999.755859
1823.242188, -620.849609, 1999.755859
1748.535156, -693.603516, 1999.755859
128.906250, -891.845703, 531.738281
-1661.376953, -470.458984, -1999.755859
-1790.283203, -1089.111328, -1999.755859
316.894531, -805.419922, 306.640625
1999.755859, -500.244141, 1999.755859
1476.074219, -383.544922, 1999.755859
67.871094, -478.759766, 1969.238281
-912.353516, -361.083984, -940.673828
-1868.896484, -691.162109, -1999.755859
-797.119141, -1497.802734, -1998.291016
-121.826172, -1608.642578, 1999.755859
1526.367188, -496.337891, 1999.755859
1067.871094, -458.740234, 1999.755859
-227.783203, -697.509766, 775.390625
-1155.029297, -316.650391, -1999.755859
-1806.396484, -785.888672, -1999.755859
-369.873047, -1080.810547, -614.990234
1938.476562, -590.087891, 1999.755859
1609.375000, -495.361328, 1999.755859
354.003906, -416.259766, 1999.755859
-772.705078, -644.287109, -42.236328
-1999.755859, -317.626953, -1999.755859
-826.904297, -1385.498047, -1999.755859
655.761719, -1164.794922, 1051.269531
1677.734375, -635.986328, 1999.755859
1175.292969, -442.138672, 1999.755859
437.988281, -433.349609, 1999.755859
-684.814453, -558.349609, 88.867188
-1898.681641, -177.001953, -1999.755859
-1207.763672, -1222.412109, -1999.755859
251.953125, -942.138672, 792.480469
1089.843750, -382.568359, 1999.755859
1337.402344, -342.529297, 1999.755859
668.457031, -430.419922, 1999.755859
-505.126953, -349.365234, 1019.531250
-875.732422, -117.431641, -201.416016
-403.564453, -232.666016, -1266.357422
-107.666016, -280.029297, -1390.869141
-118.896484, -317.138672, -889.404297
-462.646484, -347.412109, -46.630859
305.664062, -483.154297, 1370.605469
292.480469, 47.851562, 1999.755859
648.925781, -13.427734, 1999.755859
550.781250, -16.357422, 1999.755859
226.562500, -55.419922, 1999.755859
185.058594, -102.294922, 1504.394531
40.039062, -130.615234, 424.804688
-270.263672, -338.134766, -604.736328
-524.169922, -276.611328, -1284.912109
-671.142578, -396.728516, -1485.595703
-261.474609, -534.423828, -594.482422
389.160156, -277.099609, 1437.011719
1391.601562, -128.662109, 1999.755859
709.472656, -67.138672, 1999.755859
260.742188, 55.664062, 1999.755859
15.625000, -34.912109, 1465.332031
-145.263672, -118.408203, 548.339844
-274.169922, -277.587891, -535.888672
-509.521484, -327.880859, -1693.603516
-267.333984, -594.970703, -1748.779297
-299.560547, -726.318359, -554.443359
-215.576172, -234.130859, 1789.550781
1189.453125, -16.357422, 1999.755859
1240.234375, 19.042969, 1999.755859
616.699219, 54.687500, 1999.755859
-37.841797, -25.146484, 1332.519531
-415.771484, -127.685547, 536.132812
-565.185547, -425.537109, -1145.751953
-620.849609, -453.369141, -1999.755859
-287.353516, -686.279297, -1999.755859
-12.939453, -920.654297, 232.421875
405.761719, -360.595703, 1999.755859
1308.105469, 528.320312, 1999.755859
271.484375, -1.708984, 1999.755859
-47.607422, -234.130859, 1445.800781
-140.869141, -223.388672, 456.542969
-93.017578, -260.986328, -1052.490234
-339.111328, -396.240234, -1861.083984
-590.087891, -621.826172, -1938.720703
-460.693359, -554.931641, -510.986328
362.304688, -134.033203, 1999.755859
1364.257812, -308.349609, 1999.755859
831.542969, -309.326172, 1999.755859
419.921875, -274.169922, 1999.755859
-173.583984, -324.951172, 462.890625
-813.232422, -144.287109, -1514.404297
-1255.615234, -453.857422, -1999.755859
-678.955078, -948.974609, -1999.755859
593.750000, -1035.888672, 1999.755859
1407.226562, -384.521484, 1999.755859
1346.191406, -184.326172, 1999.755859
424.804688, -211.669922, 1999.755859
-494.873047, -362.060547, 482.421875
-1045.166016, -398.681641, -1258.056641
-831.298828, -569.091797, -1999.755859
-413.330078, -589.599609, -1922.119141
-28.564453, -588.623047, 14.648438
778.320312, -241.943359, 1999.755859
1731.445312, -317.138672, 1999.755859
805.175781, -342.529297, 1999.755859
-8.056641, -307.373047, 1194.335938
-469.482422, -204.833984, -381.103516
-864.501953, -363.037109, -1999.755859
-455.322266, -423.583984, -1999.755859
-269.775391, -521.240234, -715.087891
458.007812, -208.740234, 1999.755859
392.089844, -12.451172, 1999.755859
638.671875, -105.224609, 1999.755859
399.414062, -183.349609, 1999.755859
-187.255859, -229.248047, 728.027344
-379.638672, -69.091797, -648.193359
-782.958984, -146.240234, -1868.408203
-614.990234, -484.130859, -1999.755859
-173.583984, -527.099609, -343.994141
1237.792969, -186.279297, 1999.755859
1082.031250, -277.587891, 1999.755859
445.312500, -236.572266, 1999.755859
-98.388672, -149.169922, 1609.375000
-269.775391, -105.224609, 16.113281
-523.193359, -319.580078, -1542.236328
-478.271484, -436.767578, -1999.755859
-484.619141, -496.337891, -1683.837891
306.152344, -650.146484, 1165.527344
927.246094, -268.310547, 1999.755859
801.269531, -423.095703, 1999.755859
325.683594, -372.314453, 1999.755859
53.222656, -492.431641, 795.898438
-66.650391, -428.466797, -890.380859
-577.392578, -342.041016, -1999.755859
-579.833984, -489.013672, -1999.755859
295.898438, -444.091797, 695.800781
775.878906, -276.611328, 1999.755859
771.972656, -372.802734, 1999.755859
144.531250, -319.580078, 1999.755859
-209.716797, -332.763672, 812.500000
-258.056641, -184.326172, -907.470703
-707.275391, -181.396484, -1999.755859
-635.009766, -546.630859, -1999.755859
347.167969, -639.404297, 604.003906
1323.242188, -405.517578, 1999.755859
1014.160156, -485.107422, 1999.755859
343.750000, -471.435547, 1999.755859
168.457031, -302.490234, 1122.558594
-162.841797, -307.373047, -608.642578
-873.291016, -198.486328, -1999.755859
-978.759766, -440.185547, -1999.755859
218.261719, -622.802734, -211.181641
1357.421875, -324.951172, 1999.755859
1176.269531, -646.240234, 1999.755859
33.691406, -518.310547, 1999.755859
-133.544922, -359.130859, 1326.171875
-362.548828, -131.591797, -492.431641
-931.884766, -163.818359, -1999.755859
-515.380859, -593.994141, -1999.755859
161.621094, -714.599609, -22.216797
1024.414062, -417.236328, 1999.755859
753.417969, -465.576172, 1999.755859
37.109375, -442.138672, 1999.755859
-152.587891, -333.740234, 1566.406250
-454.833984, -281.494141, -975.341797
-968.505859, -324.951172, -1999.755859
-401.611328, -592.529297, -1999.755859
320.312500, -658.935547, 239.746094
944.335938, -241.943359, 1999.755859
558.105469, -477.783203, 1999.755859
-38.818359, -577.392578, 1999.755859
116.210938, -469.482422, 1288.085938
-274.658203, -310.302734, -724.365234
-583.740234, -385.498047, -1999.755859
-307.861328, -504.638672, -1999.755859
-326.904297, -553.955078, -256.591797
651.367188, -245.849609, 1999.755859
159.179688, -337.158203, 1999.755859
250.000000, -469.482422, 1999.755859
132.812500, -419.677734, 893.554688
-288.330078, -121.337891, -1363.525391
-739.990234, -431.396484, -1999.755859
-450.927734, -629.638672, -1721.923828
-188.232422, -804.931641, 1365.234375
885.253906, -343.505859, 1999.755859
854.492188, -494.873047, 1999.755859
440.917969, -388.427734, 1999.755859
-124.755859, -447.021484, 1070.800781
-453.857422, -83.740234, -838.623047
-677.001953, -158.447266, -1999.755859
-422.607422, -384.521484, -1999.755859
-522.705078, -702.392578, -612.060547
1216.308594, -700.927734, 1999.755859
1106.445312, -921.630859, 1999.755859
191.406250, -531.494141, 1999.755859
-294.677734, -322.998047, 1197.753906
-418.701172, -327.880859, -534.423828
-438.720703, -564.208984, -1863.525391
-180.419922, -448.974609, -1999.755859
-408.935547, -587.646484, -973.388672
737.304688, -479.736328, 1999.755859
790.039062, -366.943359, 1999.755859
494.628906, -604.248047, 1999.755859
401.855469, -542.724609, 1979.492188
-753.173828, -669.189453, -405.029297
-878.662109, -570.068359, -1999.755859
-478.759766, -629.638672, -1999.755859
-149.658203, -630.615234, -701.904297
682.617188, -384.521484, 1999.755859
517.578125, -28.076172, 1999.755859
385.742188, -321.044922, 1999.755859
106.445312, -474.365234, 1999.755859
-391.357422, -740.966797, 128.417969
-561.279297, -671.142578, -1820.068359
-646.728516, -471.923828, -1999.755859
-365.966797, -514.892578, -1466.064453
182.128906, -771.240234, 1697.753906
980.468750, -469.482422, 1999.755859
1207.519531, -471.435547, 1999.755859
372.070312, -514.404297, 1999.755859
-457.275391, -542.724609, 60.058594
-1022.705078, -380.615234, -1999.755859
-934.814453, -694.580078, -1999.755859
6.347656, -752.197266, -591.552734
968.750000, -594.970703, 1999.755859
1008.300781, -352.294922, 1999.755859
511.718750, -512.939453, 1999.755859
133.789062, -581.787109, 1981.445312
-833.740234, -384.521484, -1085.693359
-816.650391, -545.654297, -1999.755859
20.996094, -1008.056641, -1999.755859
-157.958984, -637.939453, 339.355469
644.042969, -177.978516, 1999.755859
1151.367188, -168.701172, 1999.755859
674.316406, -523.193359, 1999.755859
354.980469, -575.439453, 1350.585938
-591.552734, -500.732422, -786.865234
-1444.091797, -434.326172, -1999.755859
-1049.560547, -976.318359, -1999.755859
492.675781, -1007.080078, 499.023438
1879.882812, -427.490234, 1999.755859
1078.613281, -370.849609, 1999.755859
-270.751953, -631.591797, 1999.755859
-356.201172, -567.138672, 990.722656
-353.271484, -483.154297, -1278.076172
-747.802734, -343.505859, -1999.755859
-926.513672, -701.904297, -1999.755859
-328.857422, -763.427734, 659.667969
1528.320312, -124.755859, 1999.755859
1536.621094, -776.611328, 1999.755859
728.027344, -657.958984, 1999.755859
-418.212891, -725.341797, 489.746094
-707.275391, -462.158203, -1999.755859
-1354.248047, -591.552734, -1999.755859
-668.212891, -971.435547, -1511.962891
1047.851562, -707.763672, 1999.755859
1203.125000, -144.287109, 1999.755859
384.765625, -476.806641, 1999.755859
178.710938, -401.123047, 1398.925781
-700.439453, -413.330078, -1525.634766
-867.431641, -580.810547, -1999.755859
-499.755859, -982.177734, -1999.755859
35.156250, -921.630859, 1129.394531
904.785156, -357.666016, 1999.755859
1299.804688, -137.451172, 1999.755859
407.714844, -470.458984, 1999.755859
150.390625, -583.740234, 1245.117188
-668.212891, -355.224609, -1376.220703
-592.529297, -631.591797, -1999.755859
-752.685547, -843.505859, -1999.755859
33.203125, -743.896484, 544.433594
790.039062, -174.560547, 1999.755859
1284.179688, -322.998047, 1999.755859
662.109375, -420.166016, 1999.755859
-162.353516, -457.275391, 1078.125000
-425.048828, -379.638672, -1044.677734
-487.060547, -681.396484, -1999.755859
-776.123047, -826.904297, -1999.755859
411.621094, -821.044922, 1450.683594
708.496094, 45.898438, 1999.755859
554.199219, -514.404297, 1999.755859
547.851562, -714.111328, 1999.755859
-772.705078, -903.076172, -1402.099609
-837.158203, -589.599609, -1999.755859
-464.111328, -817.626953, -1999.755859
324.707031, -804.443359, 19.042969
1539.062500, -80.322266, 1999.755859
533.691406, -395.751953, 1999.755859
46.386719, -1128.173828, 1999.755859
-905.517578, -1120.849609, -1999.755859
-926.513672, -1343.994141, -1999.755859
-110.595703, -1074.462891, -1556.396484
1345.214844, -65.185547, 1999.755859
124.511719, 1.464844, 1999.755859
278.320312, -671.630859, 1999.755859
227.050781, -880.615234, -1608.642578
-1149.658203, -777.099609, -1999.755859
-1027.099609, -1194.580078, -1560.302734
1999.755859, 620.117188, 1999.755859
636.718750, 379.394531, 1999.755859
162.109375, -555.908203, 1999.755859
-1475.341797, -1096.923828, -1831.298828
-1739.990234, -1075.439453, -1999.755859
270.996094, -948.486328, -882.080078
1728.027344, 188.476562, 1999.755859
423.828125, -693.115234, 1999.755859
-20.751953, -675.048828, 500.976562
-1999.755859, -380.615234, -1999.755859
-1112.548828, -1410.400391, -1999.755859
1269.531250, -862.060547, 1999.755859
-238.037109, -127.685547, 1999.755859
14.160156, -793.212891, 1999.755859
-515.869141, -645.263672, -1288.818359
-1115.478516, -796.142578, -1999.755859
204.101562, -1221.435547, -1674.072266
891.113281, -520.263672, 1999.755859
330.078125, 347.656250, 1999.755859
159.179688, -737.548828, 1999.755859
-935.791016, -781.005859, -706.787109
-1628.173828, -770.751953, -1999.755859
-366.455078, -1185.791016, -1999.755859
1522.949219, -270.751953, 1999.755859
858.886719, 233.398438, 1999.755859
870.605469, -490.478516, 1999.755859
-1139.892578, -714.111328, -1271.240234
-1828.857422, -892.822266, -1999.755859
225.097656, -1243.896484, -1316.162109
197.753906, -148.193359, 1999.755859
1399.414062, 85.937500, 1999.755859
-55.419922, -738.525391, 900.878906
-1405.517578, -332.763672, -1999.755859
-885.986328, -1640.869141, -1999.755859
516.601562, -1194.091797, 1999.755859
226.562500, 315.917969, 1999.755859
620.117188, -389.404297, 1999.755859
-576.904297, -946.044922, -652.099609
-1288.330078, -380.126953, -1999.755859
-192.626953, -1614.013672, -1744.384766
-433.837891, -553.955078, 1999.755859
792.480469, 579.101562, 1999.755859
249.511719, -618.408203, 1807.128906
-869.873047, -524.169922, -1999.755859
-1999.755859, -720.458984, -1999.755859
-57.373047, -1153.564453, 244.628906
235.351562, -396.728516, 1999.755859
682.128906, 428.710938, 1999.755859
43.457031, -452.392578, 1832.519531
-1744.384766, -466.552734, -1999.755859
-,-,-
33.203125, -1649.658203, -1363.525391
1463.378906, -69.091797, 1999.755859
1287.597656, 440.429688, 1999.755859
78.613281, -431.884766, 1325.195312
-1714.111328, -443.603516, -1999.755859
-1384.033203, -1177.001953, -1999.755859
-267.333984, -1182.373047, 1174.804688
245.117188, 59.082031, 1999.755859
505.371094, 62.988281, 1999.755859
-530.517578, -943.115234, 432.128906
-1871.826172, -554.443359, -1999.755859
-721.923828, -1348.876953, -1999.755859
665.039062, -645.263672, 1999.755859
271.972656, 311.035156, 1999.755859
-208.740234, 3.417969, 1999.755859
-925.537109, -548.583984, -945.556641
-1521.728516, -795.166016, -1999.755859
659.179688, -1570.556641, -1105.224609
-167.236328, -732.666016, 1999.755859
-890.869141, 1409.179688, 1999.755859
-452.880859, -156.494141, 1750.488281
-934.814453, -633.056641, -1999.755859
-1405.517578, -1197.998047, -1999.755859
727.050781, -1148.681641, 691.406250
252.441406, 306.640625, 1999.755859
267.578125, 389.648438, 1999.755859
-665.771484, -474.853516, 85.937500
-1585.205078, -10.498047, -1999.755859
159.667969, -1745.849609, -1999.755859
161.132812, -1099.365234, 1586.425781
-1068.603516, -536.865234, 1999.755859
121.093750, -316.162109, 1999.755859
-377.197266, -633.056641, -709.716797
-913.330078, -589.599609, -1999.755859
403.808594, -1575.927734, -1999.755859
-455.322266, -812.744141, 1999.755859
83.007812, 243.164062, 1999.755859
414.550781, -303.955078, 1999.755859
-700.927734, -864.013672, -1119.873047
-701.416016, -563.232422, -1999.755859
-586.669922, -974.365234, -1744.384766
-749.267578, -694.580078, 1999.755859
-599.853516, 188.476562, 1999.755859
63.964844, -554.931641, 1949.218750
-132.080078, -967.529297, -1999.755859
-209.716797, -839.599609, -1999.755859
-279.541016, -666.748047, 86.425781
-1264.892578, 55.175781, 1999.755859
-578.369141, -219.970703, 1999.755859
531.738281, -622.314453, -409.423828
142.089844, -506.103516, -1999.755859
-280.517578, -1024.169922, -1722.412109
-547.119141, -152.099609, 1999.755859
-761.474609, 497.558594, 1999.755859
187.500000, -571.533203, 1830.566406
74.218750, -776.123047, -1752.197266
-359.130859, -429.931641, -1999.755859
-306.396484, -675.537109, 111.328125
-143.310547, -134.033203, 1999.755859
8.789062, -214.111328, 1999.755859
269.531250, -397.705078, 810.058594
-174.560547, -209.716797, -1369.384766
-1289.306641, -322.998047, -1999.755859
-726.318359, -780.029297, -876.708984
400.390625, -104.248047, 1999.755859
295.410156, 0.488281, 1999.755859
287.597656, -281.494141, 1999.755859
-425.537109, -393.310547, -397.705078
-1399.658203, -504.150391, -1999.755859
-790.283203, -1036.865234, -1999.755859
819.824219, -555.908203, 1999.755859
-212.158203, -734.619141, 1999.755859
-164.306641, -878.173828, 1369.628906
-1667.724609, -272.705078, -1999.755859
-1886.474609, -592.041016, -1999.755859
141.113281, -933.837891, -686.279297
740.234375, -353.271484, 1999.755859
-157.958984, -189.208984, 1999.755859
217.773438, -372.314453, 1999.755859
-394.287109, -506.591797, -392.822266
-427.001953, -116.943359, -1999.755859
-916.259766, -598.388672, -1999.755859
-36.376953, -677.978516, 775.878906
441.894531, -320.068359, 1999.755859
-265.869141, -369.873047, 1999.755859
-48.583984, -272.216797, 1193.359375
-660.400391, -356.689453, -994.873047
-998.779297, -287.841797, -1999.755859
-466.064453, -779.541016, -1999.755859
257.812500, -761.962891, 1137.695312
34.179688, -519.775391, 1999.755859
99.609375, 20.019531, 1999.755859
-94.970703, -184.326172, 1999.755859
-467.041016, -300.048828, 376.464844
-268.310547, -79.345703, -566.650391
-597.412109, -251.708984, -1382.568359
-280.517578, -147.216797, -1462.646484
-192.138672, -111.083984, 19.042969
58.105469, 27.343750, 1999.755859
-149.169922, -280.517578, 1999.755859
52.246094, -395.751953, 1999.755859
194.335938, -298.095703, 1990.234375
-116.455078, -430.419922, 517.578125
-234.619141, -61.767578, -410.888672
-747.802734, -94.482422, -1244.384766
-324.462891, -260.009766, -1465.576172
75.195312, -324.951172, -115.966797
38.085938, -134.033203, 1999.755859
-399.169922, -197.509766, 1999.755859
-319.580078, -141.845703, 1999.755859
89.843750, -151.123047, 1565.917969
-252.685547, -278.076172, 312.500000
-97.900391, -80.810547, -436.279297
-522.705078, -39.306641, -1246.337891
-395.263672, -125.732422, -1406.982422
-153.564453, -276.123047, 7.812500
128.906250, -122.314453, 1999.755859
-65.673828, -410.400391, 1999.755859
317.382812, -548.583984, 1999.755859
525.390625, -89.599609, 1142.089844
-365.478516, 86.914062, -305.908203
-955.322266, 140.625000, -1006.591797
-1127.685547, 62.011719, -1419.677734
-529.541016, -203.857422, -677.001953
-96.923828, -425.048828, 784.179688
438.476562, -371.826172, 1999.755859
661.621094, -455.810547, 1999.755859
542.480469, -432.373047, 1999.755859
-97.412109, -211.669922, 1041.992188
-,-,-
-476.318359, -241.455078, -705.810547
575.195312, -64.208984, 865.722656
690.917969, -364.013672, 1999.755859
277.343750, -160.888672, 1999.755859
190.917969, -84.716797, 1922.363281
-582.275391, -124.755859, 108.886719
-726.806641, 108.398438, -842.529297
-674.560547, -47.607422, -1349.365234
90.332031, -299.072266, -635.986328
266.601562, -230.224609, 1734.863281
425.292969, -23.681641, 1999.755859
216.796875, -1.220703, 1999.755859
285.644531, -56.884766, 1728.027344
-474.853516, -132.568359, 54.199219
-720.947266, 20.019531, -778.076172
-802.001953, -148.193359, -1264.892578
-186.767578, -242.431641, -574.951172
60.546875, -270.263672, 1002.441406
168.457031, 107.421875, 1999.755859
103.027344, 100.097656, 1999.755859
291.992188, -43.701172, 1999.755859
-136.474609, -174.560547, 530.273438
-545.166016, -101.806641, -599.365234
-949.951172, -105.224609, -1599.853516
-227.783203, -323.974609, -895.263672
-45.166016, -200.439453, 991.210938
71.289062, -77.392578, 1999.755859
176.269531, 32.226562, 1999.755859
434.082031, -134.521484, 1999.755859
267.578125, -142.822266, 547.363281
-621.826172, 96.679688, -836.669922
-1218.505859, 83.007812, -1560.791016
-661.376953, -267.333984, -703.857422
561.523438, 87.890625, 889.648438
594.726562, -165.771484, 1999.755859
342.773438, 16.601562, 1999.755859
301.757812, -69.091797, 1999.755859
-330.322266, -207.763672, 708.984375
-572.998047, -17.822266, -664.794922
-1217.529297, -154.541016, -1719.970703
-347.412109, -406.005859, -1201.904297
776.855469, 71.289062, 950.195312
291.015625, -26.123047, 1999.755859
254.882812, 135.742188, 1999.755859
99.121094, -5.615234, 1949.218750
-496.826172, -110.107422, 556.640625
-766.845703, -43.701172, -1063.720703
-934.814453, -211.669922, -1791.259766
64.453125, -348.388672, -744.873047
625.488281, -400.146484, 1999.755859
179.687500, 131.835938, 1999.755859
258.300781, 179.199219, 1999.755859
290.039062, -12.451172, 1562.011719
-392.822266, -350.341797, -218.505859
-838.134766, -215.576172, -1328.857422
-511.474609, -440.673828, -1920.166016
201.171875, -494.384766, -32.958984
-4.638672, -45.166016, 1999.755859
-268.310547, 287.109375, 1999.755859
-12.939453, 99.121094, 1999.755859
-6.591797, -166.259766, 1070.312500
-276.123047, -131.591797, -644.287109
-874.267578, -381.103516, -1864.501953
-138.916016, -636.962891, -1540.283203
284.179688, -447.021484, 264.160156
-58.837891, -99.853516, 1999.755859
-534.912109, 357.910156, 1999.755859
27.343750, -4.638672, 1999.755859
301.757812, -173.095703, 1124.023438
-302.001953, -334.228516, -537.841797
-887.451172, -286.865234, -1408.447266
-252.685547, -573.486328, -1513.427734
-43.212891, -487.060547, 468.261719
-127.197266, 212.890625, 1999.755859
-252.197266, 563.476562, 1999.755859
205.566406, 91.796875, 1999.755859
25.390625, -313.232422, 592.773438
-103.759766, -230.224609, -346.435547
-264.892578, -314.697266, -1763.427734
71.777344, -562.255859, -1458.740234
395.019531, -90.087891, 10.742188
-183.837891, -276.123047, 1999.755859
-799.560547, 250.976562, 1999.755859
-127.685547, -32.958984, 1999.755859
188.964844, -335.205078, 656.738281
-76.904297, -397.705078, -896.240234
-447.509766, -407.958984, -1572.021484
-11.474609, -389.404297, -1397.705078
-110.595703, -506.591797, 358.398438
101.074219, -302.490234, 1999.755859
-979.736328, 386.718750, 1999.755859
-316.650391, 39.550781, 1999.755859
185.546875, -167.724609, 950.195312
38.085938, -507.568359, -830.322266
66.406250, -386.474609, -1614.013672
12.695312, -327.880859, -1367.919922
601.074219, 37.109375, 559.570312
-232.177734, -9.521484, 1999.755859
-985.595703, 585.937500, 1999.755859
-179.443359, 148.437500, 1999.755859
-119.384766, -426.513672, -98.388672
32.226562, -327.880859, -1191.650391
-345.947266, -409.912109, -1853.271484
159.667969, -442.138672, -459.716797
-225.830078, -388.427734, 1999.755859
-629.638672, 313.964844, 1999.755859
-411.376953, 368.164062, 1999.755859
-319.091797, -13.427734, 1043.945312
-142.822266, -209.716797, -822.021484
-465.576172, -380.126953, -1843.994141
-237.060547, -517.333984, -1428.955078
221.191406, -705.810547, 649.414062
-135.498047, -246.826172, 1999.755859
-347.412109, 217.773438, 1999.755859
-239.501953, -87.646484, 1999.755859
-288.818359, -308.349609, 252.929688
-226.806641, -107.177734, -1324.951172
-451.904297, -274.169922, -1999.755859
163.085938, -451.904297, -678.955078
-15.869141, -434.814453, 1999.755859
-484.619141, 69.335938, 1999.755859
53.222656, 3.906250, 1999.755859
-59.814453, -197.021484, 808.105469
-282.958984, -68.115234, -789.306641
-372.802734, -279.052734, -1881.103516
-297.607422, -489.013672, -1611.083984
-178.466797, -681.396484, 572.265625
-540.771484, -253.173828, 1999.755859
-735.595703, 256.347656, 1999.755859
-202.880859, -150.146484, 1771.972656
-339.599609, -492.431641, -71.533203
-37.353516, -253.173828, -1668.701172
-126.708984, -429.443359, -1999.755859
132.324219, -478.271484, -673.583984
-27.587891, -424.560547, 1999.755859
-516.357422, 20.019531, 1999.755859
-71.044922, 97.167969, 1999.755859
-1.220703, -100.830078, 940.917969
-182.861328, -281.494141, -1109.619141
-348.388672, -254.638672, -1999.755859
78.613281, -536.865234, -1385.498047
196.777344, -264.892578, 515.625000
-472.900391, -354.248047, 1999.755859
-484.619141, 112.304688, 1999.755859
-166.748047, -106.201172, 970.703125
-281.982422, -445.068359, -893.310547
-7.080078, -317.138672, -1821.533203
209.960938, -656.982422, -1641.845703
114.257812, -415.283203, 20.996094
-594.970703, -126.708984, 1999.755859
-1006.591797, 281.250000, 1999.755859
-246.826172, -216.552734, 1426.757812
-14.404297, -747.802734, -685.302734
456.054688, -279.541016, -1870.361328
172.851562, -412.353516, -1669.189453
-517.333984, -607.177734, 469.238281
-629.638672, -50.537109, 1999.755859
-811.279297, 79.101562, 1999.755859
69.824219, -135.986328, 1506.347656
31.738281, -542.724609, -682.373047
75.195312, -188.232422, -1667.724609
-211.669922, -480.712891, -1821.533203
-24.169922, -391.357422, -63.720703
-48.583984, -374.267578, 1999.755859
-642.333984, -57.861328, 1999.755859
30.761719, -144.287109, 1999.755859
95.214844, -488.037109, 220.703125
131.347656, -226.318359, -1624.267578
-13.916016, -338.134766, -1999.755859
78.125000, -510.498047, -598.876953
151.367188, -369.873047, 1999.755859
-500.244141, 107.421875, 1999.755859
-22.216797, 179.687500, 1999.755859
22.949219, -94.970703, 754.882812
484.863281, -82.275391, -804.443359
-406.494141, -271.728516, -1717.041016
-970.947266, -665.771484, -1471.923828
-641.845703, -723.388672, 868.652344
-632.568359, -55.908203, 1999.755859
-77.880859, 400.878906, 1999.755859
147.949219, 209.960938, 1999.755859
168.457031, -142.333984, 823.730469
-204.833984, -388.427734, -444.091797
-964.111328, -796.630859, -1670.654297
-785.400391, -906.982422, -1007.568359
67.382812, -127.685547, 1168.945312
691.894531, 500.976562, 1999.755859
398.437500, 572.753906, 1999.755859
91.796875, -11.474609, 1769.042969
-194.091797, -218.017578, -463.623047
-1010.498047, -720.947266, -1662.841797
-1117.919922, -1147.216797, -1497.802734
-19.287109, -779.541016, 427.734375
777.343750, 265.625000, 1999.755859
584.960938, 579.589844, 1999.755859
428.710938, 355.957031, 1999.755859
59.570312, -88.623047, 1204.589844
-77.880859, -369.873047, -572.021484
-848.388672, -987.060547, -1495.849609
-659.912109, -978.271484, -1259.033203
-161.376953, -357.666016, 360.351562
761.718750, 399.902344, 1999.755859
41.015625, 567.382812, 1999.755859
-132.080078, 372.558594, 1999.755859
-45.654297, -260.009766, 510.742188
-17.822266, -749.267578, -1021.240234
-577.880859, -999.267578, -1719.970703
-141.845703, -599.365234, -631.591797
32.714844, 256.347656, 1618.652344
735.839844, 554.199219, 1999.755859
423.339844, 498.046875, 1999.755859
241.699219, -73.486328, 1726.074219
162.597656, -538.818359, -574.951172
-720.947266, -1041.748047, -1999.755859
-384.033203, -1012.939453, -1856.201172
-152.587891, -422.119141, 788.574219
728.027344, 445.312500, 1999.755859
174.316406, 774.902344, 1999.755859
103.027344, 385.742188, 1999.755859
-14.892578, -304.443359, 482.910156
-296.630859, -1058.837891, -1733.642578
-572.021484, -1267.333984, -1999.755859
52.246094, -715.087891, -559.326172
26.855469, 211.914062, 1999.755859
0.976562, 481.933594, 1999.755859
105.468750, 445.312500, 1999.755859
175.292969, 95.214844, 1999.755859
58.105469, -627.197266, -138.427734
91.796875, -995.361328, -1975.830078
-175.537109, -691.162109, -1804.931641
-26.123047, -137.451172, 176.757812
-264.892578, 289.062500, 1999.755859
433.105469, 499.023438, 1999.755859
500.488281, 454.101562, 1999.755859
447.753906, -84.716797, 1744.140625
123.535156, -542.724609, -678.955078
-517.333984, -999.755859, -1999.755859
-641.357422, -760.986328, -1999.755859
-188.720703, -325.927734, 640.136719
294.433594, 204.101562, 1999.755859
504.882812, 494.140625, 1999.755859
415.039062, 383.789062, 1999.755859
162.597656, -297.119141, 1449.707031
-244.873047, -587.646484, -789.794922
-504.638672, -981.201172, -1999.755859
-366.455078, -800.537109, -1984.130859
-225.830078, -477.783203, 301.269531
257.324219, 84.472656, 1999.755859
362.304688, 378.906250, 1999.755859
478.027344, 431.640625, 1999.755859
320.312500, -182.373047, 1211.425781
-85.205078, -618.408203, -700.439453
-767.333984, -939.208984, -1999.755859
-788.330078, -822.998047, -1731.689453
-200.439453, -447.021484, 160.156250
174.316406, 172.363281, 1999.755859
-73.486328, 624.023438, 1999.755859
128.906250, 490.234375, 1999.755859
27.343750, -295.166016, 1243.652344
0.488281, -708.740234, -876.708984
-263.916016, -931.884766, -1999.755859
-489.013672, -814.697266, -1693.603516
-99.365234, -537.353516, -27.587891
-60.791016, -113.525391, 1999.755859
-290.771484, 743.164062, 1999.755859
425.781250, 1003.906250, 1999.755859
478.027344, 284.179688, 1999.755859
-21.240234, -236.083984, 232.421875
-509.033203, -899.658203, -1643.798828
-1247.314453, -903.076172, -1999.755859
-175.537109, -720.947266, -223.388672
263.183594, -31.005859, 1999.755859
600.585938, 874.511719, 1999.755859
560.546875, 1000.488281, 1999.755859
710.937500, 291.015625, 1896.972656
110.839844, -191.162109, 738.769531
-136.474609, -730.712891, -850.830078
-730.224609, -1068.603516, -1999.755859
-768.310547, -730.224609, -1034.423828
-3.662109, -195.556641, 1346.679688
615.234375, 820.800781, 1999.755859
436.035156, 1172.363281, 1999.755859
-188.232422, 308.593750, 1999.755859
-108.642578, -339.111328, 1103.515625
-140.869141, -920.654297, -1086.669922
-576.416016, -1118.896484, -1999.755859
46.875000, -812.744141, -1333.251953
-443.115234, -168.701172, 503.417969
103.027344, 426.757812, 1999.755859
874.511719, 1111.816406, 1999.755859
-225.830078, 852.050781, 1999.755859
-285.400391, 61.035156, 1898.925781
-39.794922, -539.306641, -22.705078
-232.177734, -1044.189453, -1999.755859
-314.697266, -944.091797, -1999.755859
-87.158203, -585.693359, -197.998047
-431.396484, 139.160156, 1999.755859
-395.263672, 668.945312, 1999.755859
-233.154297, 769.531250, 1999.755859
383.300781, 145.507812, 1729.003906
268.554688, -338.134766, 4.882812
-235.107422, -1028.076172, -1999.755859
-671.142578, -1055.419922, -1999.755859
210.449219, -540.771484, 417.480469
222.656250, 41.015625, 1999.755859
-67.626953, 867.187500, 1999.755859
-20.263672, 906.250000, 1999.755859
113.769531, 118.652344, 1999.755859
208.984375, -519.287109, -93.017578
-438.232422, -998.779297, -1999.755859
-464.111328, -874.267578, -1763.427734
151.855469, -393.310547, 481.445312
252.441406, -58.837891, 1999.755859
-273.193359, 602.539062, 1999.755859
252.929688, 688.476562, 1999.755859
391.113281, 50.781250, 1573.730469
91.308594, -623.779297, -470.947266
-573.486328, -1109.619141, -1999.755859
-655.517578, -798.583984, -1977.783203
319.335938, -489.013672, 785.156250
470.703125, -216.064453, 1999.755859
-147.216797, 570.312500, 1999.755859
205.566406, 698.730469, 1999.755859
453.125000, -29.052734, 1260.253906
167.968750, -666.748047, -938.720703
-708.740234, -887.451172, -1999.755859
-375.244141, -574.462891, -1371.337891
393.554688, -218.017578, 1061.523438
630.371094, 77.636719, 1999.755859
283.203125, 658.691406, 1999.755859
150.390625, 470.703125, 1999.755859
374.511719, -252.685547, 757.812500
-39.306641, -976.806641, -1320.556641
-801.025391, -966.552734, -1999.755859
-480.224609, -760.498047, -1304.931641
265.625000, -153.076172, 1684.570312
132.324219, 392.089844, 1999.755859
597.167969, 768.554688, 1999.755859
363.281250, 426.757812, 1999.755859
404.785156, -293.701172, 684.570312
-165.771484, -1079.345703, -1719.970703
-1106.201172, -1111.572266, -1999.755859
-136.474609, -620.361328, -672.119141
417.480469, 223.144531, 1999.755859
479.003906, 624.023438, 1999.755859
293.457031, 603.515625, 1999.755859
179.687500, 68.359375, 1999.755859
99.609375, -544.677734, -87.646484
-531.982422, -1118.896484, -1856.201172
-805.908203, -1051.513672, -1975.830078
-152.587891, -416.259766, -150.634766
583.007812, 617.675781, 1999.755859
179.687500, 592.285156, 1999.755859
17.578125, 581.054688, 1999.755859
2.441406, -60.791016, 1295.410156
57.128906, -756.103516, -426.513672
-489.990234, -1010.009766, -1999.755859
-770.751953, -781.982422, -1591.552734
207.031250, -189.208984, 555.664062
755.859375, 481.933594, 1999.755859
536.621094, 831.054688, 1999.755859
302.734375, 462.402344, 1999.755859
142.089844, -245.849609, 777.832031
-299.072266, -884.521484, -1218.017578
-977.783203, -1009.521484, -1999.755859
-441.162109, -760.498047, -1305.419922
517.578125, -53.955078, 1743.164062
613.281250, 647.949219, 1999.755859
288.574219, 826.171875, 1999.755859
34.667969, 184.082031, 1938.964844
-100.830078, -483.154297, 96.191406
-563.232422, -1049.072266, -1723.388672
-823.486328, -770.263672, -1999.755859
194.335938, -453.857422, -211.669922
521.972656, 179.199219, 1999.755859
296.386719, 760.253906, 1999.755859
28.808594, 376.464844, 1999.755859
14.160156, -238.525391, 591.796875
-292.236328, -789.306641, -1192.626953
-811.279297, -966.552734, -1999.755859
-325.927734, -567.138672, -1021.728516
167.480469, 178.222656, 1999.755859
118.164062, 348.632812, 1999.755859
-197.509766, 513.671875, 1999.755859
244.140625, 38.574219, 1088.378906
182.128906, -540.771484, -865.478516
-637.939453, -833.251953, -1999.755859
-433.837891, -656.494141, -1405.029297
191.894531, 71.289062, 1688.964844
998.535156, 750.488281, 1999.755859
1051.269531, 737.792969, 1999.755859
199.707031, 204.101562, 1999.755859
-321.044922, -625.732422, 67.382812
-1266.845703, -1455.810547, -1632.568359
-741.455078, -1319.091797, -1999.755859
-32.958984, -645.263672, -835.693359
877.929688, 93.750000, 1999.755859
1064.453125, 610.351562, 1999.755859
213.378906, 744.140625, 1999.755859
-256.591797, 101.074219, 1657.714844
-207.275391, -484.130859, -113.525391
-913.330078, -855.224609, -1657.470703
-867.919922, -1004.638672, -1999.755859
-196.533203, -525.146484, -797.607422
492.675781, 10.742188, 1999.755859
548.828125, 343.750000, 1999.755859
257.324219, 414.550781, 1999.755859
-84.716797, 46.386719, 1797.851562
-380.615234, -107.177734, 613.281250
-220.458984, -163.330078, 25.390625
-231.201172, -161.865234, -422.607422
-68.115234, -270.263672, -773.681641
7.324219, -262.451172, -506.103516
-184.814453, -258.544922, -339.111328
-283.935547, -90.576172, 449.218750
-373.779297, -39.306641, 1798.828125
341.796875, 387.695312, 1999.755859
767.578125, 448.242188, 1999.755859
436.035156, 217.285156, 1999.755859
-48.095703, -5.126953, 1108.886719
-254.638672, -156.005859, 454.589844
-388.427734, -316.650391, -214.599609
-260.498047, -469.482422, -885.009766
-24.169922, -357.666016, -791.259766
46.875000, -266.357422, -390.380859
277.343750, 210.937500, 865.722656
149.902344, 77.636719, 1999.755859
259.765625, 233.398438, 1999.755859
138.183594, 462.402344, 1999.755859
207.031250, 64.453125, 1781.250000
-29.052734, -192.138672, 808.105469
148.437500, -286.865234, 112.792969
-156.982422, -347.412109, -605.224609
-191.650391, -349.365234, -1037.353516
-135.986328, -329.833984, -720.458984
-195.556641, -210.693359, 104.980469
237.792969, 26.367188, 1783.691406
245.605469, 354.003906, 1999.755859
364.257812, 561.523438, 1999.755859
340.332031, 241.210938, 1999.755859
26.855469, -14.892578, 1291.015625
-120.849609, -154.052734, 555.664062
-138.427734, -331.298828, -152.587891
-314.208984, -378.662109, -743.896484
-228.759766, -400.146484, -736.572266
-33.935547, -346.435547, -268.798828
-570.068359, -359.619141, 1013.671875
250.488281, 334.960938, 1999.755859
53.710938, 435.058594, 1999.755859
46.875000, 309.570312, 1999.755859
48.339844, 17.089844, 1710.449219
36.621094, -334.716797, 566.894531
-16.357422, -404.052734, -358.642578
-328.369141, -418.212891, -949.951172
-92.529297, -339.111328, -1026.123047
-31.494141, -226.318359, -292.724609
162.597656, 92.285156, 1217.773438
4.882812, 249.023438, 1999.755859
65.917969, 389.648438, 1999.755859
254.394531, 255.371094, 1999.755859
45.410156, 39.550781, 1627.929688
-16.845703, -131.591797, 804.199219
-20.751953, -264.404297, 290.039062
-198.486328, -297.607422, -447.509766
-233.642578, -232.666016, -1008.544922
-129.638672, -172.607422, -649.169922
-171.630859, -78.369141, 242.675781
551.269531, 105.468750, 1999.755859
185.546875, 180.664062, 1999.755859
43.457031, 316.894531, 1999.755859
84.472656, 179.199219, 1940.917969
-168.212891, 52.734375, 1081.054688
-71.044922, -61.767578, 454.589844
-120.849609, -174.072266, -6.591797
-290.771484, -215.576172, -486.083984
-137.451172, -213.623047, -487.060547
-155.517578, -191.162109, -171.142578
-318.115234, -309.326172, 1119.140625
337.402344, 68.359375, 1999.755859
361.816406, 211.914062, 1999.755859
175.781250, 276.367188, 1999.755859
12.695312, 124.023438, 1574.218750
-165.283203, 4.882812, 779.296875
-99.365234, -115.966797, 202.636719
-263.916016, -158.447266, -357.666016
-302.978516, -91.552734, -648.193359
15.136719, -24.169922, -183.837891
142.089844, 146.484375, 709.472656
483.886719, 297.363281, 1999.755859
31.738281, 320.312500, 1999.755859
-26.123047, 307.617188, 1999.755859
-24.658203, 183.593750, 1183.105469
-37.841797, 27.343750, 488.769531
-178.955078, -98.876953, -29.052734
-271.728516, -139.892578, -616.455078
-243.896484, -155.029297, -524.658203
-30.517578, -174.560547, 211.425781
374.023438, 190.429688, 1901.855469
52.246094, 240.722656, 1999.755859
-65.673828, 381.835938, 1999.755859
78.125000, 209.960938, 1999.755859
-70.068359, 28.320312, 1225.097656
-118.408203, -106.201172, 377.441406
-166.748047, -218.017578, -234.130859
-433.349609, -178.955078, -770.751953
-244.873047, -83.251953, -673.095703
40.039062, -83.740234, 217.773438
728.027344, 332.519531, 1666.015625
-113.037109, 276.855469, 1999.755859
-116.455078, 424.804688, 1999.755859
-52.978516, 290.039062, 1849.609375
-121.337891, 57.617188, 1076.660156
-82.763672, -83.740234, 432.128906
-177.001953, -136.962891, -197.021484
-311.279297, -101.318359, -629.638672
-292.236328, 5.859375, -550.048828
-134.521484, 13.671875, 105.957031
112.304688, 74.707031, 1545.410156
93.261719, 179.199219, 1999.755859
-256.591797, 294.921875, 1999.755859
15.136719, 275.390625, 1902.832031
-160.400391, 125.976562, 1104.980469
-175.048828, -84.228516, 374.511719
-178.466797, -153.076172, -156.982422
-257.080078, -105.224609, -530.517578
-160.400391, -91.552734, -370.361328
-139.404297, -31.005859, 494.628906
389.160156, 138.183594, 1999.755859
264.160156, 289.062500, 1999.755859
0.000000, 236.816406, 1999.755859
-13.916016, 148.437500, 1934.570312
-100.341797, 9.765625, 928.222656
-138.427734, -171.630859, 134.765625
-365.966797, -172.119141, -366.943359
-343.994141, -170.654297, -797.607422
-72.509766, -25.146484, -419.189453
258.789062, 99.121094, 1001.464844
332.031250, 222.656250, 1999.755859
6.347656, 237.792969, 1999.755859
-140.380859, 275.390625, 1999.755859
-74.462891, 143.066406, 1321.777344
-161.376953, -8.544922, 701.660156
-250.732422, -176.025391, 29.296875
-371.826172, -193.115234, -425.537109
-359.619141, -160.888672, -584.228516
17.089844, -31.005859, 188.964844
474.121094, 172.851562, 1999.755859
199.707031, 107.421875, 1999.755859
471.679688, 197.753906, 1999.755859
177.734375, 106.445312, 1681.640625
-57.373047, -87.646484, 545.410156
-224.365234, -193.115234, -82.275391
-396.728516, -273.193359, -639.892578
-338.134766, -239.501953, -551.513672
-139.892578, -94.482422, 29.296875
625.976562, 146.972656, 1745.117188
260.253906, 252.441406, 1999.755859
88.378906, 250.976562, 1999.755859
40.039062, 143.066406, 1976.074219
-81.787109, -24.169922, 1108.886719
-99.365234, -199.462891, 337.402344
-122.802734, -229.248047, -354.736328
-313.232422, -298.583984, -884.033203
-190.185547, -169.677734, -143.310547
-212.646484, 19.042969, 1319.824219
7.324219, 278.320312, 1999.755859
34.179688, 553.710938, 1999.755859
200.195312, 386.718750, 1999.755859
7.812500, 98.632812, 1497.070312
-72.509766, -76.904297, 797.363281
-42.724609, -253.173828, 77.636719
-339.111328, -285.400391, -445.068359
-609.619141, -176.025391, -783.935547
-17.333984, -56.884766, -408.935547
237.304688, -86.669922, 618.652344
274.414062, 66.406250, 1999.755859
-149.658203, 223.144531, 1999.755859
16.113281, 377.929688, 1999.755859
-255.126953, 217.773438, 1999.755859
-145.263672, 9.765625, 979.003906
-93.994141, -106.201172, 240.722656
-228.759766, -179.931641, -306.884766
-352.783203, -143.310547, -742.431641
-337.158203, -44.189453, -556.396484
-51.025391, -4.638672, 93.261719
-46.630859, -22.705078, 1479.492188
189.941406, -9.521484, 1999.755859
235.839844, 129.882812, 1999.755859
142.089844, 247.070312, 1999.755859
-21.728516, 24.414062, 1509.765625
-143.798828, -92.529297, 976.074219
-243.408203, -148.193359, 454.589844
-403.564453, -181.884766, -75.439453
-321.044922, -151.123047, -385.498047
-297.607422, -34.912109, -283.447266
-4.638672, 9.765625, -227.783203
291.503906, 29.296875, 388.183594
927.246094, 152.343750, 1699.707031
337.402344, 60.058594, 1999.755859
26.855469, 27.343750, 1999.755859
-93.994141, 111.328125, 1999.755859
-223.388672, 9.765625, 1351.562500
-192.138672, -12.451172, 708.007812
-105.224609, -50.537109, 167.480469
-215.087891, -80.322266, -198.974609
-148.681641, -75.439453, -480.224609
-26.123047, -3.173828, -539.794922
112.304688, -47.607422, 15.625000
-7.080078, -82.763672, 989.257812
48.828125, -153.076172, 1999.755859
31.250000, 222.656250, 1999.755859
366.210938, 420.410156, 1999.755859
341.796875, 164.062500, 1865.722656
115.722656, 33.203125, 1237.304688
-28.564453, -60.791016, 639.160156
-119.384766, -171.630859, 34.667969
-251.220703, -197.509766, -478.271484
-277.099609, -144.287109, -701.904297
-104.248047, -156.982422, -416.259766
71.289062, -114.990234, 664.550781
208.007812, 142.578125, 1999.755859
107.421875, 145.507812, 1999.755859
16.113281, 241.699219, 1999.755859
117.675781, 229.492188, 1999.755859
133.300781, 80.078125, 1778.320312
-69.580078, -63.720703, 1331.054688
-150.146484, -159.423828, 718.750000
-109.619141, -198.486328, 169.433594
-281.494141, -245.849609, -250.732422
-447.509766, -160.400391, -638.916016
-237.548828, -175.537109, -685.302734
435.058594, -218.994141, 279.296875
-65.185547, -4.638672, 1838.378906
-247.802734, 279.785156, 1999.755859
-287.353516, 583.984375, 1999.755859
-242.919922, 400.390625, 1978.027344
-21.728516, 165.039062, 1513.671875
170.898438, -16.357422, 1359.375000
-93.017578, -1.220703, 665.527344
-75.439453, -26.123047, 80.078125
-116.455078, 83.007812, -35.888672
-20.263672, 149.414062, 92.285156
70.312500, 208.984375, 355.957031
146.972656, 225.585938, 812.011719
-37.353516, 249.023438, 1115.234375
42.968750, 306.640625, 1190.429688
74.707031, 283.203125, 1114.257812
117.675781, 247.070312, 1129.394531
